((("p" .
   [1])
  ("setup" .
   [1 0 0 0 0])
  ("se" .
   [1 0])
  ("in" .
   [3 0])
  (":port" .
   [1 0 0 0 0])
  ("open" .
   [1 0 0 0])
  (":connection" .
   [1 0 0 0 0 0 0 0 0 0 0])
  (":connection-type" .
   [1 0 0 0 0 0 0 0 0 0 0 0 0 0 0 0])
  ("import" .
   [1 0 0 0 0 0])
  ("sys" .
   [1 0 0])
  ("def" .
   [1 0 0])
  ("inp" .
   [5 0 0])
  ("raw_input" .
   [0 0 0 2 0 0 0 0 0])
  ("for" .
   [2 0 0])
  ("range" .
   [1 0 0 0 0])
  ("int" .
   [2 0 0])
  ("if" .
   [3 0])
  ("stri" .
   [3 0 0 0])
  ("exp" .
   [3 0 0])
  ("outp" .
   [2 0 0 0])
  ("print" .
   [1 0 0 0 0])))
